x
0.04095987051848586
-0.040959983606101966
0.0
0.0
0.0
0.487951948835122
-0.49662582662057014
0.4855056684884229
-0.4941569084511602
0.028313755275000338
-0.028894447017587657
0.028177255221447168
-0.02871408157647039
0.8765497667495931
-0.8923052718113985
0.8763962887905538
-0.8921503989026632
0.030521710937492
-0.030540480152984304
0.03036755733592872
-0.030386278433935397
0.6430166443264836
-0.6505423770597478
0.6408895996165871
-0.6484027958824862
0.286097096022224
-0.29109718336765134
0.28393706128681057
-0.2889169352716697
0.4368968211558363
-0.4486382744850557
0.43474219202204867
-0.44645265979553145
0.4343346554263776
-0.43589287501391294
0.433893068147324
-0.43545052269961493
0.024793275582633584
-0.025123199429124807
0.024331418848665697
-0.024656929930511152
0.12310226121154155
-0.13127830390646555
0.12264922286180113
-0.1308032399229093
0.09242592304663184
-0.09680871963617131
0.09120893197828052
-0.09555065384481622
0.827940348492844
-0.8428077635409655
0.826738152330636
-0.8415946177188366
0.23872904029778308
-0.2399498599257779
0.23752292203815564
-0.23874060538315187
0.6547852967393163
-0.659716924340666
0.6533894818717743
-0.6583159367162891
0.12827700071912776
-0.13042245900637547
0.12683771358982857
-0.12896955766319473
0.3033770502378603
-0.3155419693055409
0.30194720521900076
-0.31407967691375654
0.26967483790419206
-0.277259086480097
0.2675445148990065
-0.2750955329813963
0.6871085301878962
-0.6994104267275005
0.6850027396572752
-0.6972853357863037
0.418249749662124
-0.4227787565744868
0.41614014648008946
-0.4206574455994953
0.0071461776040791306
-0.0071484582052319294
0.007148483150056154
-0.007146210999659662
0.04002991225894476
-0.04004157536176057
0.04004149566888071
-0.04003005029098783
0.4519864769174531
-0.4535808552695697
0.12586282393652087
-0.13437746059305242
0.0
0.0
0.0
0.0
0.014217071507240392
-0.014225384020777549
0.014225421755934074
-0.014217141911380753
0.037323519972138904
-0.03734380748965773
0.037343764804533094
-0.0373236707948069
0.7923221571519721
-0.7981664818816512
0.3572565150849609
-0.372046716884054
0.0
0.0
0.0
0.0
0.2131630575962709
-0.2151973876050273
0.21159073567035971
-0.21361715839001422
0.4512901895672865
-0.4542469491460412
0.44974590308120105
-0.4526976194949109
0.578910188829318
-0.594124839423303
0.5773447569491916
-0.5925377699580773
0.19162017233894185
-0.19997231367805376
0.1900467355495171
-0.19835760631503926
0.8303590377276404
-0.8404257735946785
0.828816892338462
-0.8388743209483065
0.12964731035735655
-0.1334507926849686
0.12806713950062332
-0.13184278768411709
0.07575208004392807
-0.0759860007533565
0.0751861760190825
-0.07541917897827716
0.16392919796228222
-0.164272350984856
0.1633748397075379
-0.16371741752381744
0.6403894100819747
-0.6574634536162963
0.6398269819753414
-0.6568931781051441
0.050694917354992236
-0.05376192211658466
0.050142692758383366
-0.05316274522524989
0.9294871966889693
-0.9406360484839392
0.9289341954480547
-0.9400797674906584
0.033368346556122856
-0.03473731739569131
0.03280829408323595
-0.03414595567210343
0.07108051722004018
-0.07166040715436954
0.0702706897488667
-0.0708468784025702
0.3694771338771894
-0.370814552570441
0.3686959252464712
-0.3700319637960899
0.3475281651949036
-0.36169796295811124
0.3467256652145341
-0.36087714386119446
0.10842030937242227
-0.11534991800904071
0.10762292669475032
-0.1145140872286914
0.760063464605467
-0.7657470872940799
0.7592829911262944
-0.7649637683087225
0.04517641963722136
-0.04638351283116465
0.04436780486574975
-0.04555888192986859
-0.04095987051848586
0.040959983606101966
-0.0
-0.0
-0.0
-0.487951948835122
0.49662582662057014
-0.4855056684884229
0.4941569084511602
-0.028313755275000338
0.028894447017587657
-0.028177255221447168
0.02871408157647039
-0.8765497667495931
0.8923052718113985
-0.8763962887905538
0.8921503989026632
-0.030521710937492
0.030540480152984304
-0.03036755733592872
0.030386278433935397
-0.6430166443264836
0.6505423770597478
-0.6408895996165871
0.6484027958824862
-0.286097096022224
0.29109718336765134
-0.28393706128681057
0.2889169352716697
-0.4368968211558363
0.4486382744850557
-0.43474219202204867
0.44645265979553145
-0.4343346554263776
0.43589287501391294
-0.433893068147324
0.43545052269961493
-0.024793275582633584
0.025123199429124807
-0.024331418848665697
0.024656929930511152
-0.12310226121154155
0.13127830390646555
-0.12264922286180113
0.1308032399229093
-0.09242592304663184
0.09680871963617131
-0.09120893197828052
0.09555065384481622
-0.827940348492844
0.8428077635409655
-0.826738152330636
0.8415946177188366
-0.23872904029778308
0.2399498599257779
-0.23752292203815564
0.23874060538315187
-0.6547852967393163
0.659716924340666
-0.6533894818717743
0.6583159367162891
-0.12827700071912776
0.13042245900637547
-0.12683771358982857
0.12896955766319473
-0.3033770502378603
0.3155419693055409
-0.30194720521900076
0.31407967691375654
-0.26967483790419206
0.277259086480097
-0.2675445148990065
0.2750955329813963
-0.6871085301878962
0.6994104267275005
-0.6850027396572752
0.6972853357863037
-0.418249749662124
0.4227787565744868
-0.41614014648008946
0.4206574455994953
-0.0071461776040791306
0.0071484582052319294
-0.007148483150056154
0.007146210999659662
-0.04002991225894476
0.04004157536176057
-0.04004149566888071
0.04003005029098783
-0.4519864769174531
0.4535808552695697
-0.12586282393652087
0.13437746059305242
-0.0
-0.0
-0.0
-0.0
-0.014217071507240392
0.014225384020777549
-0.014225421755934074
0.014217141911380753
-0.037323519972138904
0.03734380748965773
-0.037343764804533094
0.0373236707948069
-0.7923221571519721
0.7981664818816512
-0.3572565150849609
0.372046716884054
-0.0
-0.0
-0.0
-0.0
-0.2131630575962709
0.2151973876050273
-0.21159073567035971
0.21361715839001422
-0.4512901895672865
0.4542469491460412
-0.44974590308120105
0.4526976194949109
-0.578910188829318
0.594124839423303
-0.5773447569491916
0.5925377699580773
-0.19162017233894185
0.19997231367805376
-0.1900467355495171
0.19835760631503926
-0.8303590377276404
0.8404257735946785
-0.828816892338462
0.8388743209483065
-0.12964731035735655
0.1334507926849686
-0.12806713950062332
0.13184278768411709
-0.07575208004392807
0.0759860007533565
-0.0751861760190825
0.07541917897827716
-0.16392919796228222
0.164272350984856
-0.1633748397075379
0.16371741752381744
-0.6403894100819747
0.6574634536162963
-0.6398269819753414
0.6568931781051441
-0.050694917354992236
0.05376192211658466
-0.050142692758383366
0.05316274522524989
-0.9294871966889693
0.9406360484839392
-0.9289341954480547
0.9400797674906584
-0.033368346556122856
0.03473731739569131
-0.03280829408323595
0.03414595567210343
-0.07108051722004018
0.07166040715436954
-0.0702706897488667
0.0708468784025702
-0.3694771338771894
0.370814552570441
-0.3686959252464712
0.3700319637960899
-0.3475281651949036
0.36169796295811124
-0.3467256652145341
0.36087714386119446
-0.10842030937242227
0.11534991800904071
-0.10762292669475032
0.1145140872286914
-0.760063464605467
0.7657470872940799
-0.7592829911262944
0.7649637683087225
-0.04517641963722136
0.04638351283116465
-0.04436780486574975
0.04555888192986859
y0.0
0.0
0.03682169791181351
-0.03682185172337666
0.0
0.487951948835122
0.49662582662057014
-0.4855056684884229
-0.4941569084511602
0.028313755275000338
0.028894447017587657
-0.028177255221447168
-0.02871408157647039
0.030235226780588823
0.030778688528748176
-0.030229932796067463
-0.03077334642759727
0.8848552318527075
0.8853993703697175
-0.8803861632237712
-0.8809289067662667
0.6430166443264836
0.6505423770597478
-0.6408895996165871
-0.6484027958824862
0.43857014312301595
0.44623498507073467
-0.43525893599707094
-0.44289279204328746
0.28500552022066283
0.29266494654788533
-0.2835999682289291
-0.2912391814211402
0.4343346554263776
0.43589287501391294
-0.433893068147324
-0.43545052269961493
0.12375574837534133
0.12540256476284567
-0.12145038837706733
-0.12307517842967612
0.024662355705743003
0.026300347333378944
-0.024571593823551084
-0.026205172826995842
0.09242592304663184
0.09680871963617131
-0.09120893197828052
-0.09555065384481622
0.2371410621316844
0.24139943002265882
-0.23679672564015378
-0.24105195729795834
0.8334845220088954
0.8377468198124182
-0.8292735516977099
-0.8335248996673428
0.6547852967393163
0.659716924340666
-0.6533894818717743
-0.6583159367162891
0.3057350785520253
0.3108485583987985
-0.3023046852541752
-0.30738571701807177
0.1272876448323763
0.13239166933418844
-0.12668772600271125
-0.1317781365885157
0.26967483790419206
0.277259086480097
-0.2675445148990065
-0.2750955329813963
0.41680185096798117
0.42426421393227376
-0.4155244728648834
-0.42297512814909494
0.6894954282817578
0.6969616122143323
-0.6860176933860967
-0.6934645767220167
0.03627318025506104
0.036284756325694674
-0.03628488294276966
-0.03627334976720857
0.007886291206523335
0.007888588953882412
-0.00788857325359175
-0.007886318400209907
0.0
0.0
0.0
0.0
0.45298002535064785
-0.4525276879548904
0.12741992258441492
-0.12500436373751006
0.03460157219482544
0.03462180322743507
-0.03462189506742772
-0.03460174354473701
0.015335463641885264
0.015343799363905224
-0.01534378182546894
-0.015335525611805121
0.0
0.0
0.0
0.0
0.795846722363521
-0.794188641281318
0.36347617718641045
-0.35928012739841664
0.5833129975662066
0.5888798680588136
-0.5790103954826907
-0.5845556279646562
0.8328707785565854
0.8383275748913855
-0.8300207474286904
-0.8354682364377511
0.21155411663955884
0.2171140843659846
-0.21098205284633173
-0.21653411343916362
0.1292329464925644
0.13486581813442144
-0.1281717853948826
-0.13377682323530143
0.4499292053377726
0.45538385599274306
-0.4490935954173132
-0.4545432029443802
0.19223457042656164
0.19787418446373808
-0.18989157183285849
-0.1954899147883363
0.6477489377545023
0.6497491718201963
-0.6429099454687176
-0.6449023319381646
0.9347132313123818
0.9366698667046831
-0.9315523179300327
-0.9335056735348363
0.07489140780374277
0.07688816030629284
-0.07482563371061908
-0.07682146848535731
0.03380448692245012
0.0358496332164727
-0.033436251404407966
-0.03545008887466965
0.1630126605306506
0.16496793651447691
-0.16291567565137594
-0.16487037643506927
0.05004085921540684
0.05209383708584532
-0.04920097621725355
-0.05120700115270522
0.3518158687219762
0.3546860571925758
-0.34780759519740634
-0.35065946403120957
0.7617710960102562
0.7645285248478456
-0.7601604357006722
-0.7629150190210928
0.07021423399780338
0.07307708540234907
-0.07005209772498273
-0.07291124795401316
0.04516299359550344
0.0480495549075536
-0.04483084006289211
-0.04770138563559392
0.36864889195456374
0.3714055843940991
-0.368270343719192
-0.3710256560204219
0.10845254053074053
0.11135034262731608
-0.10651134361914363
-0.10937069667564735
-0.0
-0.0
-0.03682169791181351
0.03682185172337666
-0.0
-0.487951948835122
-0.49662582662057014
0.4855056684884229
0.4941569084511602
-0.028313755275000338
-0.028894447017587657
0.028177255221447168
0.02871408157647039
-0.030235226780588823
-0.030778688528748176
0.030229932796067463
0.03077334642759727
-0.8848552318527075
-0.8853993703697175
0.8803861632237712
0.8809289067662667
-0.6430166443264836
-0.6505423770597478
0.6408895996165871
0.6484027958824862
-0.43857014312301595
-0.44623498507073467
0.43525893599707094
0.44289279204328746
-0.28500552022066283
-0.29266494654788533
0.2835999682289291
0.2912391814211402
-0.4343346554263776
-0.43589287501391294
0.433893068147324
0.43545052269961493
-0.12375574837534133
-0.12540256476284567
0.12145038837706733
0.12307517842967612
-0.024662355705743003
-0.026300347333378944
0.024571593823551084
0.026205172826995842
-0.09242592304663184
-0.09680871963617131
0.09120893197828052
0.09555065384481622
-0.2371410621316844
-0.24139943002265882
0.23679672564015378
0.24105195729795834
-0.8334845220088954
-0.8377468198124182
0.8292735516977099
0.8335248996673428
-0.6547852967393163
-0.659716924340666
0.6533894818717743
0.6583159367162891
-0.3057350785520253
-0.3108485583987985
0.3023046852541752
0.30738571701807177
-0.1272876448323763
-0.13239166933418844
0.12668772600271125
0.1317781365885157
-0.26967483790419206
-0.277259086480097
0.2675445148990065
0.2750955329813963
-0.41680185096798117
-0.42426421393227376
0.4155244728648834
0.42297512814909494
-0.6894954282817578
-0.6969616122143323
0.6860176933860967
0.6934645767220167
-0.03627318025506104
-0.036284756325694674
0.03628488294276966
0.03627334976720857
-0.007886291206523335
-0.007888588953882412
0.00788857325359175
0.007886318400209907
-0.0
-0.0
-0.0
-0.0
-0.45298002535064785
0.4525276879548904
-0.12741992258441492
0.12500436373751006
-0.03460157219482544
-0.03462180322743507
0.03462189506742772
0.03460174354473701
-0.015335463641885264
-0.015343799363905224
0.01534378182546894
0.015335525611805121
-0.0
-0.0
-0.0
-0.0
-0.795846722363521
0.794188641281318
-0.36347617718641045
0.35928012739841664
-0.5833129975662066
-0.5888798680588136
0.5790103954826907
0.5845556279646562
-0.8328707785565854
-0.8383275748913855
0.8300207474286904
0.8354682364377511
-0.21155411663955884
-0.2171140843659846
0.21098205284633173
0.21653411343916362
-0.1292329464925644
-0.13486581813442144
0.1281717853948826
0.13377682323530143
-0.4499292053377726
-0.45538385599274306
0.4490935954173132
0.4545432029443802
-0.19223457042656164
-0.19787418446373808
0.18989157183285849
0.1954899147883363
-0.6477489377545023
-0.6497491718201963
0.6429099454687176
0.6449023319381646
-0.9347132313123818
-0.9366698667046831
0.9315523179300327
0.9335056735348363
-0.07489140780374277
-0.07688816030629284
0.07482563371061908
0.07682146848535731
-0.03380448692245012
-0.0358496332164727
0.033436251404407966
0.03545008887466965
-0.1630126605306506
-0.16496793651447691
0.16291567565137594
0.16487037643506927
-0.05004085921540684
-0.05209383708584532
0.04920097621725355
0.05120700115270522
-0.3518158687219762
-0.3546860571925758
0.34780759519740634
0.35065946403120957
-0.7617710960102562
-0.7645285248478456
0.7601604357006722
0.7629150190210928
-0.07021423399780338
-0.07307708540234907
0.07005209772498273
0.07291124795401316
-0.04516299359550344
-0.0480495549075536
0.04483084006289211
0.04770138563559392
-0.36864889195456374
-0.3714055843940991
0.368270343719192
0.3710256560204219
-0.10845254053074053
-0.11135034262731608
0.10651134361914363
0.10937069667564735
z0.0
0.0
0.0
0.0
2.4293399026579
0.487951948835122
0.49662582662057014
0.4855056684884229
0.4941569084511602
0.000976639141579152
0.0009966692039814827
0.0009719307836155798
0.0009904477774037499
0.8765497667495931
0.8923052718113985
0.8763962887905538
0.8921503989026632
0.8848552318527075
0.8853993703697175
0.8803861632237712
0.8809289067662667
0.9857069703036798
0.9972434791596693
0.9824463349605795
0.993963626144097
0.286097096022224
0.29109718336765134
0.28393706128681057
0.2889169352716697
0.28500552022066283
0.29266494654788533
0.2835999682289291
0.2912391814211402
2.167983417458864
2.1757612776510697
2.1657792325374254
2.1735532740527126
0.024793275582633584
0.025123199429124807
0.024331418848665697
0.024656929930511152
0.024662355705743003
0.026300347333378944
0.024571593823551084
0.026205172826995842
0.026472899405951635
0.02772823264371749
0.026124325314739676
0.027367893811896367
0.827940348492844
0.8428077635409655
0.826738152330636
0.8415946177188366
0.8334845220088954
0.8377468198124182
0.8292735516977099
0.8335248996673428
1.5606136174920329
1.5723676462238811
1.5572868358727272
1.5690285358690397
0.12827700071912776
0.13042245900637547
0.12683771358982857
0.12896955766319473
0.1272876448323763
0.13239166933418844
0.12668772600271125
0.1317781365885157
0.16358546963056977
0.1681860948677125
0.162293210063543
0.16687367759546565
0.6871085301878962
0.6994104267275005
0.6850027396572752
0.6972853357863037
0.6894954282817578
0.6969616122143323
0.6860176933860967
0.6934645767220167
0.0
0.0
0.0
0.0
0.0
0.0
0.0
0.0
2.294231665991381
2.302324548167732
0.02479622926020736
0.02647369744341931
2.299274804212412
2.296978791322521
0.025102993194515814
0.024627104055165307
0.0
0.0
0.0
0.0
0.0
0.0
0.0
0.0
1.9283572083246348
1.9425811519800498
0.14678932485472337
0.15286631336265213
1.9369353108938365
1.9328998657431595
0.14934485557885632
0.14762078536759665
0.39339938213577746
0.39715380458368965
0.3904976106883838
0.39423743997610144
1.2349392817741263
1.2430303474231872
1.2307133976577256
1.2387906628680394
0.39043002907150365
0.4006911310323014
0.3893742666643794
0.3996207757519779
0.07002474143953413
0.0730769072454559
0.06944975237128492
0.0724868364600294
1.231214997653274
1.2461414518902627
1.2289283813277454
1.243841035227623
0.07024926408086868
0.07231017713585497
0.06939305009924752
0.07143888125137568
0.4319332516516415
0.43326705176107067
0.42870650506682756
0.43003507222631726
1.4017432100272356
1.4046774793665135
1.3970029445396366
1.3999322953437947
0.4270257565822789
0.4384111046898142
0.4266507171391259
0.43803083242457025
0.0059286016749149
0.006287277662868913
0.005864020848291615
0.0062172059218171885
1.3939059843377584
1.4106253660472232
1.3930766757234998
1.4097911389505298
0.0058521117547383995
0.006092200676395281
0.005753890236499869
0.005988488168851931
0.1465505671203021
0.14774615772750388
0.1448809017912967
0.14606886126698726
1.828741881907142
1.8353614893300134
1.824875258480382
1.8314880348270293
0.14476450389973494
0.15066700029855176
0.14443021873043768
0.15032508421445553
0.02190512808687061
0.023305179107345027
0.021744025708637604
0.02313630871388757
1.8246424653171014
1.8382868250283866
1.8227688256547983
1.8364063543162281
0.021911640037034164
0.02249710900002935
0.021519442604316045
0.022097143362696567
-0.0
-0.0
-0.0
-0.0
-2.4293399026579
-0.487951948835122
-0.49662582662057014
-0.4855056684884229
-0.4941569084511602
-0.000976639141579152
-0.0009966692039814827
-0.0009719307836155798
-0.0009904477774037499
-0.8765497667495931
-0.8923052718113985
-0.8763962887905538
-0.8921503989026632
-0.8848552318527075
-0.8853993703697175
-0.8803861632237712
-0.8809289067662667
-0.9857069703036798
-0.9972434791596693
-0.9824463349605795
-0.993963626144097
-0.286097096022224
-0.29109718336765134
-0.28393706128681057
-0.2889169352716697
-0.28500552022066283
-0.29266494654788533
-0.2835999682289291
-0.2912391814211402
-2.167983417458864
-2.1757612776510697
-2.1657792325374254
-2.1735532740527126
-0.024793275582633584
-0.025123199429124807
-0.024331418848665697
-0.024656929930511152
-0.024662355705743003
-0.026300347333378944
-0.024571593823551084
-0.026205172826995842
-0.026472899405951635
-0.02772823264371749
-0.026124325314739676
-0.027367893811896367
-0.827940348492844
-0.8428077635409655
-0.826738152330636
-0.8415946177188366
-0.8334845220088954
-0.8377468198124182
-0.8292735516977099
-0.8335248996673428
-1.5606136174920329
-1.5723676462238811
-1.5572868358727272
-1.5690285358690397
-0.12827700071912776
-0.13042245900637547
-0.12683771358982857
-0.12896955766319473
-0.1272876448323763
-0.13239166933418844
-0.12668772600271125
-0.1317781365885157
-0.16358546963056977
-0.1681860948677125
-0.162293210063543
-0.16687367759546565
-0.6871085301878962
-0.6994104267275005
-0.6850027396572752
-0.6972853357863037
-0.6894954282817578
-0.6969616122143323
-0.6860176933860967
-0.6934645767220167
-0.0
-0.0
-0.0
-0.0
-0.0
-0.0
-0.0
-0.0
-2.294231665991381
-2.302324548167732
-0.02479622926020736
-0.02647369744341931
-2.299274804212412
-2.296978791322521
-0.025102993194515814
-0.024627104055165307
-0.0
-0.0
-0.0
-0.0
-0.0
-0.0
-0.0
-0.0
-1.9283572083246348
-1.9425811519800498
-0.14678932485472337
-0.15286631336265213
-1.9369353108938365
-1.9328998657431595
-0.14934485557885632
-0.14762078536759665
-0.39339938213577746
-0.39715380458368965
-0.3904976106883838
-0.39423743997610144
-1.2349392817741263
-1.2430303474231872
-1.2307133976577256
-1.2387906628680394
-0.39043002907150365
-0.4006911310323014
-0.3893742666643794
-0.3996207757519779
-0.07002474143953413
-0.0730769072454559
-0.06944975237128492
-0.0724868364600294
-1.231214997653274
-1.2461414518902627
-1.2289283813277454
-1.243841035227623
-0.07024926408086868
-0.07231017713585497
-0.06939305009924752
-0.07143888125137568
-0.4319332516516415
-0.43326705176107067
-0.42870650506682756
-0.43003507222631726
-1.4017432100272356
-1.4046774793665135
-1.3970029445396366
-1.3999322953437947
-0.4270257565822789
-0.4384111046898142
-0.4266507171391259
-0.43803083242457025
-0.0059286016749149
-0.006287277662868913
-0.005864020848291615
-0.0062172059218171885
-1.3939059843377584
-1.4106253660472232
-1.3930766757234998
-1.4097911389505298
-0.0058521117547383995
-0.006092200676395281
-0.005753890236499869
-0.005988488168851931
-0.1465505671203021
-0.14774615772750388
-0.1448809017912967
-0.14606886126698726
-1.828741881907142
-1.8353614893300134
-1.824875258480382
-1.8314880348270293
-0.14476450389973494
-0.15066700029855176
-0.14443021873043768
-0.15032508421445553
-0.02190512808687061
-0.023305179107345027
-0.021744025708637604
-0.02313630871388757
-1.8246424653171014
-1.8382868250283866
-1.8227688256547983
-1.8364063543162281
-0.021911640037034164
-0.02249710900002935
-0.021519442604316045
-0.022097143362696567
