   1      1.000000000000     0.000000000000     0.000000000000     0.003006796749
   2     -1.000000000000     0.000000000000     0.000000000000     0.003006796749
   3      0.000000000000     1.000000000000     0.000000000000     0.003006796749
   4      0.000000000000    -1.000000000000     0.000000000000     0.003006796749
   5      0.000000000000     0.000000000000     1.000000000000     0.006013593499
   6      0.577350269190     0.577350269190     0.577350269190     0.006101255491
   7     -0.577350269190     0.577350269190     0.577350269190     0.006101255491
   8      0.577350269190    -0.577350269190     0.577350269190     0.006101255491
   9     -0.577350269190    -0.577350269190     0.577350269190     0.006101255491
  10      0.706896546391     0.706896546391     0.024383301669     0.003242209201
  11     -0.706896546391     0.706896546391     0.024383301669     0.003242209201
  12      0.706896546391    -0.706896546391     0.024383301669     0.003242209201
  13     -0.706896546391    -0.706896546391     0.024383301669     0.003242209201
  14      0.706896546391     0.024383301669     0.706896546391     0.003242209201
  15     -0.706896546391     0.024383301669     0.706896546391     0.003242209201
  16      0.706896546391    -0.024383301669     0.706896546391     0.003242209201
  17     -0.706896546391    -0.024383301669     0.706896546391     0.003242209201
  18      0.024383301669     0.706896546391     0.706896546391     0.003242209201
  19     -0.024383301669     0.706896546391     0.706896546391     0.003242209201
  20      0.024383301669    -0.706896546391     0.706896546391     0.003242209201
  21     -0.024383301669    -0.706896546391     0.706896546391     0.003242209201
  22      0.479468262571     0.479468262571     0.734996850588     0.006011402970
  23     -0.479468262571     0.479468262571     0.734996850588     0.006011402970
  24      0.479468262571    -0.479468262571     0.734996850588     0.006011402970
  25     -0.479468262571    -0.479468262571     0.734996850588     0.006011402970
  26      0.479468262571     0.734996850588     0.479468262571     0.006011402970
  27     -0.479468262571     0.734996850588     0.479468262571     0.006011402970
  28      0.479468262571    -0.734996850588     0.479468262571     0.006011402970
  29     -0.479468262571    -0.734996850588     0.479468262571     0.006011402970
  30      0.734996850588     0.479468262571     0.479468262571     0.006011402970
  31     -0.734996850588     0.479468262571     0.479468262571     0.006011402970
  32      0.734996850588    -0.479468262571     0.479468262571     0.006011402970
  33     -0.734996850588    -0.479468262571     0.479468262571     0.006011402970
  34      0.192753315488     0.192753315488     0.962129055136     0.005981985059
  35     -0.192753315488     0.192753315488     0.962129055136     0.005981985059
  36      0.192753315488    -0.192753315488     0.962129055136     0.005981985059
  37     -0.192753315488    -0.192753315488     0.962129055136     0.005981985059
  38      0.192753315488     0.962129055136     0.192753315488     0.005981985059
  39     -0.192753315488     0.962129055136     0.192753315488     0.005981985059
  40      0.192753315488    -0.962129055136     0.192753315488     0.005981985059
  41     -0.192753315488    -0.962129055136     0.192753315488     0.005981985059
  42      0.962129055136     0.192753315488     0.192753315488     0.005981985059
  43     -0.962129055136     0.192753315488     0.192753315488     0.005981985059
  44      0.962129055136    -0.192753315488     0.192753315488     0.005981985059
  45     -0.962129055136    -0.192753315488     0.192753315488     0.005981985059
  46      0.693035796133     0.693035796133     0.198501311223     0.005964341288
  47     -0.693035796133     0.693035796133     0.198501311223     0.005964341288
  48      0.693035796133    -0.693035796133     0.198501311223     0.005964341288
  49     -0.693035796133    -0.693035796133     0.198501311223     0.005964341288
  50      0.693035796133     0.198501311223     0.693035796133     0.005964341288
  51     -0.693035796133     0.198501311223     0.693035796133     0.005964341288
  52      0.693035796133    -0.198501311223     0.693035796133     0.005964341288
  53     -0.693035796133    -0.198501311223     0.693035796133     0.005964341288
  54      0.198501311223     0.693035796133     0.693035796133     0.005964341288
  55     -0.198501311223     0.693035796133     0.693035796133     0.005964341288
  56      0.198501311223    -0.693035796133     0.693035796133     0.005964341288
  57     -0.198501311223    -0.693035796133     0.693035796133     0.005964341288
  58      0.360830211552     0.360830211552     0.860001812128     0.005443128475
  59     -0.360830211552     0.360830211552     0.860001812128     0.005443128475
  60      0.360830211552    -0.360830211552     0.860001812128     0.005443128475
  61     -0.360830211552    -0.360830211552     0.860001812128     0.005443128475
  62      0.360830211552     0.860001812128     0.360830211552     0.005443128475
  63     -0.360830211552     0.860001812128     0.360830211552     0.005443128475
  64      0.360830211552    -0.860001812128     0.360830211552     0.005443128475
  65     -0.360830211552    -0.860001812128     0.360830211552     0.005443128475
  66      0.860001812128     0.360830211552     0.360830211552     0.005443128475
  67     -0.860001812128     0.360830211552     0.360830211552     0.005443128475
  68      0.860001812128    -0.360830211552     0.360830211552     0.005443128475
  69     -0.860001812128    -0.360830211552     0.360830211552     0.005443128475
  70      0.649848616150     0.649848616150     0.394199888606     0.006067027592
  71     -0.649848616150     0.649848616150     0.394199888606     0.006067027592
  72      0.649848616150    -0.649848616150     0.394199888606     0.006067027592
  73     -0.649848616150    -0.649848616150     0.394199888606     0.006067027592
  74      0.649848616150     0.394199888606     0.649848616150     0.006067027592
  75     -0.649848616150     0.394199888606     0.649848616150     0.006067027592
  76      0.649848616150    -0.394199888606     0.649848616150     0.006067027592
  77     -0.649848616150    -0.394199888606     0.649848616150     0.006067027592
  78      0.394199888606     0.649848616150     0.649848616150     0.006067027592
  79     -0.394199888606     0.649848616150     0.649848616150     0.006067027592
  80      0.394199888606    -0.649848616150     0.649848616150     0.006067027592
  81     -0.394199888606    -0.649848616150     0.649848616150     0.006067027592
  82      0.193294501323     0.981140782843     0.000000000000     0.003007949555
  83     -0.193294501323     0.981140782843     0.000000000000     0.003007949555
  84      0.193294501323    -0.981140782843     0.000000000000     0.003007949555
  85     -0.193294501323    -0.981140782843     0.000000000000     0.003007949555
  86      0.981140782843     0.193294501323     0.000000000000     0.003007949555
  87     -0.981140782843     0.193294501323     0.000000000000     0.003007949555
  88      0.981140782843    -0.193294501323     0.000000000000     0.003007949555
  89     -0.981140782843    -0.193294501323     0.000000000000     0.003007949555
  90      0.193294501323     0.000000000000     0.981140782843     0.006015899110
  91     -0.193294501323     0.000000000000     0.981140782843     0.006015899110
  92      0.981140782843     0.000000000000     0.193294501323     0.006015899110
  93     -0.981140782843     0.000000000000     0.193294501323     0.006015899110
  94      0.000000000000     0.193294501323     0.981140782843     0.006015899110
  95      0.000000000000    -0.193294501323     0.981140782843     0.006015899110
  96      0.000000000000     0.981140782843     0.193294501323     0.006015899110
  97      0.000000000000    -0.981140782843     0.193294501323     0.006015899110
  98      0.380049491990     0.924966152699     0.000000000000     0.002881964603
  99     -0.380049491990     0.924966152699     0.000000000000     0.002881964603
 100      0.380049491990    -0.924966152699     0.000000000000     0.002881964603
 101     -0.380049491990    -0.924966152699     0.000000000000     0.002881964603
 102      0.924966152699     0.380049491990     0.000000000000     0.002881964603
 103     -0.924966152699     0.380049491990     0.000000000000     0.002881964603
 104      0.924966152699    -0.380049491990     0.000000000000     0.002881964603
 105     -0.924966152699    -0.380049491990     0.000000000000     0.002881964603
 106      0.380049491990     0.000000000000     0.924966152699     0.005763929206
 107     -0.380049491990     0.000000000000     0.924966152699     0.005763929206
 108      0.924966152699     0.000000000000     0.380049491990     0.005763929206
 109     -0.924966152699     0.000000000000     0.380049491990     0.005763929206
 110      0.000000000000     0.380049491990     0.924966152699     0.005763929206
 111      0.000000000000    -0.380049491990     0.924966152699     0.005763929206
 112      0.000000000000     0.924966152699     0.380049491990     0.005763929206
 113      0.000000000000    -0.924966152699     0.380049491990     0.005763929206
 114      0.289955882550     0.793453785658     0.535123047718     0.005916715253
 115     -0.289955882550     0.793453785658     0.535123047718     0.005916715253
 116      0.289955882550    -0.793453785658     0.535123047718     0.005916715253
 117     -0.289955882550    -0.793453785658     0.535123047718     0.005916715253
 118      0.289955882550     0.535123047718     0.793453785658     0.005916715253
 119     -0.289955882550     0.535123047718     0.793453785658     0.005916715253
 120      0.289955882550    -0.535123047718     0.793453785658     0.005916715253
 121     -0.289955882550    -0.535123047718     0.793453785658     0.005916715253
 122      0.793453785658     0.289955882550     0.535123047718     0.005916715253
 123     -0.793453785658     0.289955882550     0.535123047718     0.005916715253
 124      0.793453785658    -0.289955882550     0.535123047718     0.005916715253
 125     -0.793453785658    -0.289955882550     0.535123047718     0.005916715253
 126      0.793453785658     0.535123047718     0.289955882550     0.005916715253
 127     -0.793453785658     0.535123047718     0.289955882550     0.005916715253
 128      0.793453785658    -0.535123047718     0.289955882550     0.005916715253
 129     -0.793453785658    -0.535123047718     0.289955882550     0.005916715253
 130      0.535123047718     0.289955882550     0.793453785658     0.005916715253
 131     -0.535123047718     0.289955882550     0.793453785658     0.005916715253
 132      0.535123047718    -0.289955882550     0.793453785658     0.005916715253
 133     -0.535123047718    -0.289955882550     0.793453785658     0.005916715253
 134      0.535123047718     0.793453785658     0.289955882550     0.005916715253
 135     -0.535123047718     0.793453785658     0.289955882550     0.005916715253
 136      0.535123047718    -0.793453785658     0.289955882550     0.005916715253
 137     -0.535123047718    -0.793453785658     0.289955882550     0.005916715253
 138      0.096841214551     0.828080150669     0.552182074349     0.006072040053
 139     -0.096841214551     0.828080150669     0.552182074349     0.006072040053
 140      0.096841214551    -0.828080150669     0.552182074349     0.006072040053
 141     -0.096841214551    -0.828080150669     0.552182074349     0.006072040053
 142      0.096841214551     0.552182074349     0.828080150669     0.006072040053
 143     -0.096841214551     0.552182074349     0.828080150669     0.006072040053
 144      0.096841214551    -0.552182074349     0.828080150669     0.006072040053
 145     -0.096841214551    -0.552182074349     0.828080150669     0.006072040053
 146      0.828080150669     0.096841214551     0.552182074349     0.006072040053
 147     -0.828080150669     0.096841214551     0.552182074349     0.006072040053
 148      0.828080150669    -0.096841214551     0.552182074349     0.006072040053
 149     -0.828080150669    -0.096841214551     0.552182074349     0.006072040053
 150      0.828080150669     0.552182074349     0.096841214551     0.006072040053
 151     -0.828080150669     0.552182074349     0.096841214551     0.006072040053
 152      0.828080150669    -0.552182074349     0.096841214551     0.006072040053
 153     -0.828080150669    -0.552182074349     0.096841214551     0.006072040053
 154      0.552182074349     0.096841214551     0.828080150669     0.006072040053
 155     -0.552182074349     0.096841214551     0.828080150669     0.006072040053
 156      0.552182074349    -0.096841214551     0.828080150669     0.006072040053
 157     -0.552182074349    -0.096841214551     0.828080150669     0.006072040053
 158      0.552182074349     0.828080150669     0.096841214551     0.006072040053
 159     -0.552182074349     0.828080150669     0.096841214551     0.006072040053
 160      0.552182074349    -0.828080150669     0.096841214551     0.006072040053
 161     -0.552182074349    -0.828080150669     0.096841214551     0.006072040053
 162      0.183343464704     0.907465826531     0.378009189874     0.005664374808
 163     -0.183343464704     0.907465826531     0.378009189874     0.005664374808
 164      0.183343464704    -0.907465826531     0.378009189874     0.005664374808
 165     -0.183343464704    -0.907465826531     0.378009189874     0.005664374808
 166      0.183343464704     0.378009189874     0.907465826531     0.005664374808
 167     -0.183343464704     0.378009189874     0.907465826531     0.005664374808
 168      0.183343464704    -0.378009189874     0.907465826531     0.005664374808
 169     -0.183343464704    -0.378009189874     0.907465826531     0.005664374808
 170      0.907465826531     0.183343464704     0.378009189874     0.005664374808
 171     -0.907465826531     0.183343464704     0.378009189874     0.005664374808
 172      0.907465826531    -0.183343464704     0.378009189874     0.005664374808
 173     -0.907465826531    -0.183343464704     0.378009189874     0.005664374808
 174      0.907465826531     0.378009189874     0.183343464704     0.005664374808
 175     -0.907465826531     0.378009189874     0.183343464704     0.005664374808
 176      0.907465826531    -0.378009189874     0.183343464704     0.005664374808
 177     -0.907465826531    -0.378009189874     0.183343464704     0.005664374808
 178      0.378009189874     0.183343464704     0.907465826531     0.005664374808
 179     -0.378009189874     0.183343464704     0.907465826531     0.005664374808
 180      0.378009189874    -0.183343464704     0.907465826531     0.005664374808
 181     -0.378009189874    -0.183343464704     0.907465826531     0.005664374808
 182      0.378009189874     0.907465826531     0.183343464704     0.005664374808
 183     -0.378009189874     0.907465826531     0.183343464704     0.005664374808
 184      0.378009189874    -0.907465826531     0.183343464704     0.005664374808
 185     -0.378009189874    -0.907465826531     0.183343464704     0.005664374808
