   1      1.000000000000     0.000000000000     0.000000000000     0.000526589797
   2     -1.000000000000     0.000000000000     0.000000000000     0.000526589797
   3      0.000000000000     1.000000000000     0.000000000000     0.000526589797
   4      0.000000000000    -1.000000000000     0.000000000000     0.000526589797
   5      0.000000000000     0.000000000000     1.000000000000     0.001053179594
   6      0.000000000000     0.707106781187     0.707106781187     0.005096439944
   7      0.000000000000    -0.707106781187     0.707106781187     0.005096439944
   8      0.707106781187     0.000000000000     0.707106781187     0.005096439944
   9     -0.707106781187     0.000000000000     0.707106781187     0.005096439944
  10      0.707106781187     0.707106781187     0.000000000000     0.002548219972
  11     -0.707106781187     0.707106781187     0.000000000000     0.002548219972
  12      0.707106781187    -0.707106781187     0.000000000000     0.002548219972
  13     -0.707106781187    -0.707106781187     0.000000000000     0.002548219972
  14      0.577350269190     0.577350269190     0.577350269190     0.005024634838
  15     -0.577350269190     0.577350269190     0.577350269190     0.005024634838
  16      0.577350269190    -0.577350269190     0.577350269190     0.005024634838
  17     -0.577350269190    -0.577350269190     0.577350269190     0.005024634838
  18      0.690934630751     0.690934630751     0.212646824708     0.005060807602
  19     -0.690934630751     0.690934630751     0.212646824708     0.005060807602
  20      0.690934630751    -0.690934630751     0.212646824708     0.005060807602
  21     -0.690934630751    -0.690934630751     0.212646824708     0.005060807602
  22      0.690934630751     0.212646824708     0.690934630751     0.005060807602
  23     -0.690934630751     0.212646824708     0.690934630751     0.005060807602
  24      0.690934630751    -0.212646824708     0.690934630751     0.005060807602
  25     -0.690934630751    -0.212646824708     0.690934630751     0.005060807602
  26      0.212646824708     0.690934630751     0.690934630751     0.005060807602
  27     -0.212646824708     0.690934630751     0.690934630751     0.005060807602
  28      0.212646824708    -0.690934630751     0.690934630751     0.005060807602
  29     -0.212646824708    -0.690934630751     0.690934630751     0.005060807602
  30      0.177483605461     0.177483605461     0.967987158791     0.004028558042
  31     -0.177483605461     0.177483605461     0.967987158791     0.004028558042
  32      0.177483605461    -0.177483605461     0.967987158791     0.004028558042
  33     -0.177483605461    -0.177483605461     0.967987158791     0.004028558042
  34      0.177483605461     0.967987158791     0.177483605461     0.004028558042
  35     -0.177483605461     0.967987158791     0.177483605461     0.004028558042
  36      0.177483605461    -0.967987158791     0.177483605461     0.004028558042
  37     -0.177483605461    -0.967987158791     0.177483605461     0.004028558042
  38      0.967987158791     0.177483605461     0.177483605461     0.004028558042
  39     -0.967987158791     0.177483605461     0.177483605461     0.004028558042
  40      0.967987158791    -0.177483605461     0.177483605461     0.004028558042
  41     -0.967987158791    -0.177483605461     0.177483605461     0.004028558042
  42      0.491434263778     0.491434263778     0.719016501041     0.005003450337
  43     -0.491434263778     0.491434263778     0.719016501041     0.005003450337
  44      0.491434263778    -0.491434263778     0.719016501041     0.005003450337
  45     -0.491434263778    -0.491434263778     0.719016501041     0.005003450337
  46      0.491434263778     0.719016501041     0.491434263778     0.005003450337
  47     -0.491434263778     0.719016501041     0.491434263778     0.005003450337
  48      0.491434263778    -0.719016501041     0.491434263778     0.005003450337
  49     -0.491434263778    -0.719016501041     0.491434263778     0.005003450337
  50      0.719016501041     0.491434263778     0.491434263778     0.005003450337
  51     -0.719016501041     0.491434263778     0.491434263778     0.005003450337
  52      0.719016501041    -0.491434263778     0.491434263778     0.005003450337
  53     -0.719016501041    -0.491434263778     0.491434263778     0.005003450337
  54      0.645666470742     0.645666470742     0.407712664898     0.005026534349
  55     -0.645666470742     0.645666470742     0.407712664898     0.005026534349
  56      0.645666470742    -0.645666470742     0.407712664898     0.005026534349
  57     -0.645666470742    -0.645666470742     0.407712664898     0.005026534349
  58      0.645666470742     0.407712664898     0.645666470742     0.005026534349
  59     -0.645666470742     0.407712664898     0.645666470742     0.005026534349
  60      0.645666470742    -0.407712664898     0.645666470742     0.005026534349
  61     -0.645666470742    -0.407712664898     0.645666470742     0.005026534349
  62      0.407712664898     0.645666470742     0.645666470742     0.005026534349
  63     -0.407712664898     0.645666470742     0.645666470742     0.005026534349
  64      0.407712664898    -0.645666470742     0.645666470742     0.005026534349
  65     -0.407712664898    -0.645666470742     0.645666470742     0.005026534349
  66      0.286128901031     0.286128901031     0.914472801121     0.004605389564
  67     -0.286128901031     0.286128901031     0.914472801121     0.004605389564
  68      0.286128901031    -0.286128901031     0.914472801121     0.004605389564
  69     -0.286128901031    -0.286128901031     0.914472801121     0.004605389564
  70      0.286128901031     0.914472801121     0.286128901031     0.004605389564
  71     -0.286128901031     0.914472801121     0.286128901031     0.004605389564
  72      0.286128901031    -0.914472801121     0.286128901031     0.004605389564
  73     -0.286128901031    -0.914472801121     0.286128901031     0.004605389564
  74      0.914472801121     0.286128901031     0.286128901031     0.004605389564
  75     -0.914472801121     0.286128901031     0.286128901031     0.004605389564
  76      0.914472801121    -0.286128901031     0.286128901031     0.004605389564
  77     -0.914472801121    -0.286128901031     0.286128901031     0.004605389564
  78      0.075680843672     0.075680843672     0.994255912631     0.002924991243
  79     -0.075680843672     0.075680843672     0.994255912631     0.002924991243
  80      0.075680843672    -0.075680843672     0.994255912631     0.002924991243
  81     -0.075680843672    -0.075680843672     0.994255912631     0.002924991243
  82      0.075680843672     0.994255912631     0.075680843672     0.002924991243
  83     -0.075680843672     0.994255912631     0.075680843672     0.002924991243
  84      0.075680843672    -0.994255912631     0.075680843672     0.002924991243
  85     -0.075680843672    -0.994255912631     0.075680843672     0.002924991243
  86      0.994255912631     0.075680843672     0.075680843672     0.002924991243
  87     -0.994255912631     0.075680843672     0.075680843672     0.002924991243
  88      0.994255912631    -0.075680843672     0.075680843672     0.002924991243
  89     -0.994255912631    -0.075680843672     0.075680843672     0.002924991243
  90      0.392725976337     0.392725976337     0.831584400419     0.004890746875
  91     -0.392725976337     0.392725976337     0.831584400419     0.004890746875
  92      0.392725976337    -0.392725976337     0.831584400419     0.004890746875
  93     -0.392725976337    -0.392725976337     0.831584400419     0.004890746875
  94      0.392725976337     0.831584400419     0.392725976337     0.004890746875
  95     -0.392725976337     0.831584400419     0.392725976337     0.004890746875
  96      0.392725976337    -0.831584400419     0.392725976337     0.004890746875
  97     -0.392725976337    -0.831584400419     0.392725976337     0.004890746875
  98      0.831584400419     0.392725976337     0.392725976337     0.004890746875
  99     -0.831584400419     0.392725976337     0.392725976337     0.004890746875
 100      0.831584400419    -0.392725976337     0.392725976337     0.004890746875
 101     -0.831584400419    -0.392725976337     0.392725976337     0.004890746875
 102      0.881813287779     0.471598691151     0.000000000000     0.002417442376
 103     -0.881813287779     0.471598691151     0.000000000000     0.002417442376
 104      0.881813287779    -0.471598691151     0.000000000000     0.002417442376
 105     -0.881813287779    -0.471598691151     0.000000000000     0.002417442376
 106      0.471598691151     0.881813287779     0.000000000000     0.002417442376
 107     -0.471598691151     0.881813287779     0.000000000000     0.002417442376
 108      0.471598691151    -0.881813287779     0.000000000000     0.002417442376
 109     -0.471598691151    -0.881813287779     0.000000000000     0.002417442376
 110      0.881813287779     0.000000000000     0.471598691151     0.004834884751
 111     -0.881813287779     0.000000000000     0.471598691151     0.004834884751
 112      0.471598691151     0.000000000000     0.881813287779     0.004834884751
 113     -0.471598691151     0.000000000000     0.881813287779     0.004834884751
 114      0.000000000000     0.881813287779     0.471598691151     0.004834884751
 115      0.000000000000    -0.881813287779     0.471598691151     0.004834884751
 116      0.000000000000     0.471598691151     0.881813287779     0.004834884751
 117      0.000000000000    -0.471598691151     0.881813287779     0.004834884751
 118      0.977642811118     0.210272522857     0.000000000000     0.001910951282
 119     -0.977642811118     0.210272522857     0.000000000000     0.001910951282
 120      0.977642811118    -0.210272522857     0.000000000000     0.001910951282
 121     -0.977642811118    -0.210272522857     0.000000000000     0.001910951282
 122      0.210272522857     0.977642811118     0.000000000000     0.001910951282
 123     -0.210272522857     0.977642811118     0.000000000000     0.001910951282
 124      0.210272522857    -0.977642811118     0.000000000000     0.001910951282
 125     -0.210272522857    -0.977642811118     0.000000000000     0.001910951282
 126      0.977642811118     0.000000000000     0.210272522857     0.003821902564
 127     -0.977642811118     0.000000000000     0.210272522857     0.003821902564
 128      0.210272522857     0.000000000000     0.977642811118     0.003821902564
 129     -0.210272522857     0.000000000000     0.977642811118     0.003821902564
 130      0.000000000000     0.977642811118     0.210272522857     0.003821902564
 131      0.000000000000    -0.977642811118     0.210272522857     0.003821902564
 132      0.000000000000     0.210272522857     0.977642811118     0.003821902564
 133      0.000000000000    -0.210272522857     0.977642811118     0.003821902564
 134      0.205482369640     0.868946032287     0.450233038258     0.004833860089
 135     -0.205482369640     0.868946032287     0.450233038258     0.004833860089
 136      0.205482369640    -0.868946032287     0.450233038258     0.004833860089
 137     -0.205482369640    -0.868946032287     0.450233038258     0.004833860089
 138      0.205482369640     0.450233038258     0.868946032287     0.004833860089
 139     -0.205482369640     0.450233038258     0.868946032287     0.004833860089
 140      0.205482369640    -0.450233038258     0.868946032287     0.004833860089
 141     -0.205482369640    -0.450233038258     0.868946032287     0.004833860089
 142      0.868946032287     0.205482369640     0.450233038258     0.004833860089
 143     -0.868946032287     0.205482369640     0.450233038258     0.004833860089
 144      0.868946032287    -0.205482369640     0.450233038258     0.004833860089
 145     -0.868946032287    -0.205482369640     0.450233038258     0.004833860089
 146      0.868946032287     0.450233038258     0.205482369640     0.004833860089
 147     -0.868946032287     0.450233038258     0.205482369640     0.004833860089
 148      0.868946032287    -0.450233038258     0.205482369640     0.004833860089
 149     -0.868946032287    -0.450233038258     0.205482369640     0.004833860089
 150      0.450233038258     0.205482369640     0.868946032287     0.004833860089
 151     -0.450233038258     0.205482369640     0.868946032287     0.004833860089
 152      0.450233038258    -0.205482369640     0.868946032287     0.004833860089
 153     -0.450233038258    -0.205482369640     0.868946032287     0.004833860089
 154      0.450233038258     0.868946032287     0.205482369640     0.004833860089
 155     -0.450233038258     0.868946032287     0.205482369640     0.004833860089
 156      0.450233038258    -0.868946032287     0.205482369640     0.004833860089
 157     -0.450233038258    -0.868946032287     0.205482369640     0.004833860089
 158      0.590515704893     0.799927854386     0.106801826076     0.005024473709
 159     -0.590515704893     0.799927854386     0.106801826076     0.005024473709
 160      0.590515704893    -0.799927854386     0.106801826076     0.005024473709
 161     -0.590515704893    -0.799927854386     0.106801826076     0.005024473709
 162      0.590515704893     0.106801826076     0.799927854386     0.005024473709
 163     -0.590515704893     0.106801826076     0.799927854386     0.005024473709
 164      0.590515704893    -0.106801826076     0.799927854386     0.005024473709
 165     -0.590515704893    -0.106801826076     0.799927854386     0.005024473709
 166      0.799927854386     0.590515704893     0.106801826076     0.005024473709
 167     -0.799927854386     0.590515704893     0.106801826076     0.005024473709
 168      0.799927854386    -0.590515704893     0.106801826076     0.005024473709
 169     -0.799927854386    -0.590515704893     0.106801826076     0.005024473709
 170      0.799927854386     0.106801826076     0.590515704893     0.005024473709
 171     -0.799927854386     0.106801826076     0.590515704893     0.005024473709
 172      0.799927854386    -0.106801826076     0.590515704893     0.005024473709
 173     -0.799927854386    -0.106801826076     0.590515704893     0.005024473709
 174      0.106801826076     0.590515704893     0.799927854386     0.005024473709
 175     -0.106801826076     0.590515704893     0.799927854386     0.005024473709
 176      0.106801826076    -0.590515704893     0.799927854386     0.005024473709
 177     -0.106801826076    -0.590515704893     0.799927854386     0.005024473709
 178      0.106801826076     0.799927854386     0.590515704893     0.005024473709
 179     -0.106801826076     0.799927854386     0.590515704893     0.005024473709
 180      0.106801826076    -0.799927854386     0.590515704893     0.005024473709
 181     -0.106801826076    -0.799927854386     0.590515704893     0.005024473709
 182      0.555015236108     0.771746262692     0.310428403517     0.004993288109
 183     -0.555015236108     0.771746262692     0.310428403517     0.004993288109
 184      0.555015236108    -0.771746262692     0.310428403517     0.004993288109
 185     -0.555015236108    -0.771746262692     0.310428403517     0.004993288109
 186      0.555015236108     0.310428403517     0.771746262692     0.004993288109
 187     -0.555015236108     0.310428403517     0.771746262692     0.004993288109
 188      0.555015236108    -0.310428403517     0.771746262692     0.004993288109
 189     -0.555015236108    -0.310428403517     0.771746262692     0.004993288109
 190      0.771746262692     0.555015236108     0.310428403517     0.004993288109
 191     -0.771746262692     0.555015236108     0.310428403517     0.004993288109
 192      0.771746262692    -0.555015236108     0.310428403517     0.004993288109
 193     -0.771746262692    -0.555015236108     0.310428403517     0.004993288109
 194      0.771746262692     0.310428403517     0.555015236108     0.004993288109
 195     -0.771746262692     0.310428403517     0.555015236108     0.004993288109
 196      0.771746262692    -0.310428403517     0.555015236108     0.004993288109
 197     -0.771746262692    -0.310428403517     0.555015236108     0.004993288109
 198      0.310428403517     0.555015236108     0.771746262692     0.004993288109
 199     -0.310428403517     0.555015236108     0.771746262692     0.004993288109
 200      0.310428403517    -0.555015236108     0.771746262692     0.004993288109
 201     -0.310428403517    -0.555015236108     0.771746262692     0.004993288109
 202      0.310428403517     0.771746262692     0.555015236108     0.004993288109
 203     -0.310428403517     0.771746262692     0.555015236108     0.004993288109
 204      0.310428403517    -0.771746262692     0.555015236108     0.004993288109
 205     -0.310428403517    -0.771746262692     0.555015236108     0.004993288109
 206      0.937180985855     0.334436314534     0.099217696364     0.004473215521
 207     -0.937180985855     0.334436314534     0.099217696364     0.004473215521
 208      0.937180985855    -0.334436314534     0.099217696364     0.004473215521
 209     -0.937180985855    -0.334436314534     0.099217696364     0.004473215521
 210      0.937180985855     0.099217696364     0.334436314534     0.004473215521
 211     -0.937180985855     0.099217696364     0.334436314534     0.004473215521
 212      0.937180985855    -0.099217696364     0.334436314534     0.004473215521
 213     -0.937180985855    -0.099217696364     0.334436314534     0.004473215521
 214      0.334436314534     0.937180985855     0.099217696364     0.004473215521
 215     -0.334436314534     0.937180985855     0.099217696364     0.004473215521
 216      0.334436314534    -0.937180985855     0.099217696364     0.004473215521
 217     -0.334436314534    -0.937180985855     0.099217696364     0.004473215521
 218      0.334436314534     0.099217696364     0.937180985855     0.004473215521
 219     -0.334436314534     0.099217696364     0.937180985855     0.004473215521
 220      0.334436314534    -0.099217696364     0.937180985855     0.004473215521
 221     -0.334436314534    -0.099217696364     0.937180985855     0.004473215521
 222      0.099217696364     0.937180985855     0.334436314534     0.004473215521
 223     -0.099217696364     0.937180985855     0.334436314534     0.004473215521
 224      0.099217696364    -0.937180985855     0.334436314534     0.004473215521
 225     -0.099217696364    -0.937180985855     0.334436314534     0.004473215521
 226      0.099217696364     0.334436314534     0.937180985855     0.004473215521
 227     -0.099217696364     0.334436314534     0.937180985855     0.004473215521
 228      0.099217696364    -0.334436314534     0.937180985855     0.004473215521
 229     -0.099217696364    -0.334436314534     0.937180985855     0.004473215521
